_runtime: 18639
_step: 44
_timestamp: 1777263376.6209843
_wandb: {'runtime': 18639}
best_epoch: 35
best_f1: 0.5613579580726632
epoch: 45
final_precision: 0.5292788552051793
final_recall: 0.5975765306109746
lr: 2.5447270110570804e-05
train/f1: 0.8371432522237905
train/loss: 0.0024262247454936068
train/precision: 0.7384707667334468
train/recall: 0.9662511542008466
val/f1: 0.55707195530034
val/fn: 2010
val/fp: 2274
val/loss: 0.008418052457273006
val/n_selected: 4968
val/precision: 0.5422705313998747
val/recall: 0.5727040816314356
val/tp: 2694