_runtime: 1421
_step: 10
_timestamp: 1777301736.637381
_wandb: {'runtime': 1421}
best_epoch: 1
best_gc_dice: 0.6550302178654407
epoch: 11
lr: 7.3303148938411025e-06
train/loss: 0.08936516683539643
train/pixel_loss: 0.059316644621470176
train/s1_loss: 0.05970684470642637
val/dice_gc: 8.240133305580564e-08
val/dice_tls: 0.009231165216761062
val/s1_f1: 0.0048788987141637
val/s1_recall: 0.002445414847157301
val/selected: 0.9051724137931034