_runtime: 10725.208496458
_step: 30
_timestamp: 1777245460.058076
_wandb: {'runtime': 10725}
epoch: 31
lr: 0.00031662178593400354
train/f1: 0.6976585947076747
train/loss: 0.005413326171701796
train/precision: 0.569728686703143
train/recall: 0.8996768236376271
val/f1: 0.5411351402124296
val/fn: 1777
val/fp: 3187
val/loss: 0.006592968013137579
val/n_selected: 6114
val/precision: 0.47873732417324383
val/recall: 0.6222363945565004
val/tp: 2927