_runtime: 908.253413167
_step: 5
_timestamp: 1777331230.8144946
_wandb: {'runtime': 908}
epoch: 6
lr: 0.0002909538931178862
train/loss: 0.8970977119593457
val/dice_gc: 0.6784011311657083
val/dice_tls: 0.761930446432734
val/mDice: 0.7201657887992212