_runtime: 5438
_step: 45
_timestamp: 1777250191.9300363
_wandb: {'runtime': 5438}
best_epoch: 36
best_f1: 0.3653341064659344
epoch: 46
final_precision: 0.36247828604306614
final_recall: 0.368235294115481
lr: 1.6692711016248827e-05
train/f1: 0.7362511117121616
train/loss: 0.004781112814617975
train/precision: 0.6099365750522093
train/recall: 0.9285484390071956
val/f1: 0.3546391702556537
val/fn: 1098
val/fp: 1093
val/loss: 0.01751168631017208
val/n_selected: 1695
val/precision: 0.35516224188581025
val/recall: 0.3541176470567405
val/tp: 602